2016 AUC: {'LogReg_WOE': 0.7108, 'LightGBM': 0.7326, 'XGBoost': 0.7313, 'RandomForest': 0.7209, 'LogReg_WOE_v2': 0.7119} -> champion LightGBM
                  auc  auc_lo  auc_hi    gini      ks
model                                                
LogReg_WOE     0.7021  0.6989  0.7053  0.4042  0.2915
LightGBM       0.7252  0.7221  0.7282  0.4503  0.3253
XGBoost        0.7238  0.7208  0.7269  0.4477  0.3229
RandomForest   0.7144  0.7112  0.7175  0.4287  0.3091
LogReg_WOE_v2  0.7035  0.7004  0.7067  0.4071  0.2956
Stacked        0.7260  0.7230  0.7291  0.4521  0.3266
                                  diff         z  p_value   p_holm
LogReg_WOE vs LightGBM        -0.02306 -24.03090  0.00000  0.00000
LogReg_WOE vs XGBoost         -0.02175 -22.44403  0.00000  0.00000
LogReg_WOE vs RandomForest    -0.01227 -20.46756  0.00000  0.00000
LogReg_WOE vs LogReg_WOE_v2   -0.00144  -4.14031  0.00003  0.00007
LogReg_WOE vs Stacked         -0.02393 -27.90282  0.00000  0.00000
LightGBM vs XGBoost            0.00131   3.65288  0.00026  0.00026
LightGBM vs RandomForest       0.01079  14.68816  0.00000  0.00000
LightGBM vs LogReg_WOE_v2      0.02162  23.33850  0.00000  0.00000
LightGBM vs Stacked           -0.00087  -5.22957  0.00000  0.00000
XGBoost vs RandomForest        0.00948  12.70665  0.00000  0.00000
XGBoost vs LogReg_WOE_v2       0.02031  21.76753  0.00000  0.00000
XGBoost vs Stacked            -0.00219  -8.54099  0.00000  0.00000
RandomForest vs LogReg_WOE_v2  0.01083  19.51908  0.00000  0.00000
RandomForest vs Stacked       -0.01167 -18.15577  0.00000  0.00000
LogReg_WOE_v2 vs Stacked      -0.02249 -27.61592  0.00000  0.00000
        model          method  pd_mean    dr    citl  citl_p  slope  slope_p_vs1   hl_chi2   hl_p  spiegelhalter_p  brier    ece    auc
   LogReg_WOE             raw   0.0476 0.058  0.2152  0.0000 1.0282       0.0039 1120.0453 0.0000           0.0000 0.0531 0.0104 0.7021
   LogReg_WOE intercept_shift   0.0591 0.058 -0.0211  0.0012 1.0282       0.0039   36.4001 0.0000           0.0003 0.0529 0.0020 0.7021
   LogReg_WOE           platt   0.0589 0.058 -0.0173  0.0079 0.9774       0.0151   29.7568 0.0002           0.0147 0.0529 0.0017 0.7021
   LogReg_WOE        isotonic   0.0588 0.058 -0.0161  0.0136 0.9753       0.0071   23.3744 0.0029           0.0348 0.0529 0.0018 0.7020
     LightGBM             raw   0.0480 0.058  0.2103  0.0000 0.8938       0.0000 1279.3085 0.0000           0.0000 0.0524 0.0100 0.7252
     LightGBM intercept_shift   0.0588 0.058 -0.0163  0.0136 0.8938       0.0000  215.2508 0.0000           0.3639 0.0524 0.0040 0.7252
     LightGBM           platt   0.0591 0.058 -0.0215  0.0011 0.9677       0.0000   69.3634 0.0000           0.0486 0.0523 0.0020 0.7252
     LightGBM        isotonic   0.0591 0.058 -0.0212  0.0013 0.9581       0.0000   41.5212 0.0000           0.0221 0.0523 0.0023 0.7250
      XGBoost             raw   0.0470 0.058  0.2328  0.0000 0.9169       0.0000 1397.0970 0.0000           0.0000 0.0525 0.0110 0.7238
      XGBoost intercept_shift   0.0586 0.058 -0.0122  0.0635 0.9169       0.0000  116.6440 0.0000           0.6877 0.0524 0.0031 0.7238
      XGBoost           platt   0.0589 0.058 -0.0176  0.0074 0.9830       0.0380   29.9770 0.0002           0.0492 0.0523 0.0017 0.7238
      XGBoost        isotonic   0.0589 0.058 -0.0182  0.0056 0.9730       0.0010   25.1361 0.0015           0.0250 0.0523 0.0016 0.7236
 RandomForest             raw   0.0486 0.058  0.1924  0.0000 1.0750       0.0000  933.0089 0.0000           0.0000 0.0527 0.0095 0.7144
 RandomForest intercept_shift   0.0604 0.058 -0.0452  0.0000 1.0750       0.0000  103.3048 0.0000           0.0000 0.0526 0.0033 0.7144
 RandomForest           platt   0.0602 0.058 -0.0410  0.0000 0.9807       0.0250   57.6731 0.0000           0.0000 0.0526 0.0023 0.7144
 RandomForest        isotonic   0.0602 0.058 -0.0414  0.0000 0.9755       0.0044   54.9062 0.0000           0.0000 0.0526 0.0023 0.7142
LogReg_WOE_v2             raw   0.0474 0.058  0.2195  0.0000 1.0124       0.1954 1156.1583 0.0000           0.0000 0.0530 0.0106 0.7035
LogReg_WOE_v2 intercept_shift   0.0589 0.058 -0.0173  0.0080 1.0124       0.1954   26.8559 0.0007           0.0051 0.0529 0.0015 0.7035
LogReg_WOE_v2           platt   0.0588 0.058 -0.0148  0.0231 0.9804       0.0343   26.3676 0.0009           0.0410 0.0529 0.0015 0.7035
LogReg_WOE_v2        isotonic   0.0587 0.058 -0.0142  0.0302 0.9760       0.0085   27.0680 0.0007           0.0722 0.0529 0.0019 0.7034
      Stacked             raw   0.0588 0.058 -0.0156  0.0175 0.9765       0.0034   34.1260 0.0000           0.1261 0.0523 0.0017 0.7260
grade      n  defaults  pd_mean    odr  binom_p_two_sided  jeffreys_p traffic_light
    A  78796      1202   0.0159 0.0153             0.1756      0.9153         green
    B 133127      4670   0.0350 0.0351             0.9287      0.4647         green
    C 145144      8978   0.0620 0.0619             0.8319      0.5855         green
    D  56646      5816   0.1027 0.1027             0.9945      0.4975         green
    E  20167      2971   0.1589 0.1473             0.0000      1.0000  conservative
    F   6242      1239   0.2255 0.1985             0.0000      1.0000  conservative
    G   3457       844   0.2417 0.2441             0.7356      0.3664         green
 pd_decile     n  defaults  pd_mean    odr  binom_p_two_sided  jeffreys_p      traffic_light
         1 44358       330   0.0097 0.0074             0.0000      1.0000       conservative
         2 44358       723   0.0173 0.0163             0.0943      0.9553              green
         3 44358      1052   0.0242 0.0237             0.5466      0.7305              green
         4 44358      1466   0.0313 0.0330             0.0345      0.0174 amber (PD too low)
         5 44358      1786   0.0392 0.0403             0.2401      0.1205              green
         6 44357      2209   0.0484 0.0498             0.1701      0.0849              green
         7 44358      2651   0.0599 0.0598             0.8965      0.5552              green
         8 44358      3409   0.0758 0.0769             0.3941      0.1966              green
         9 44358      4551   0.1019 0.1026             0.6099      0.3051              green
        10 44358      7543   0.1824 0.1700             0.0000      1.0000       conservative
 year  psi_score status
 2012     0.0190 stable
 2013     0.0107 stable
 2014     0.0016 stable
 2015     0.0050 stable
 2016     0.0016 stable
 2017     0.0094 stable
                       vs_dev_2016  vs_dev_2017  vs_2013_15_2016  vs_2013_15_2017  dev_missing_share
sub_grade_n                  0.021        0.045            0.022            0.045              0.000
int_rate                     0.091        0.144            0.091            0.148              0.000
acc_open_past_24mths         0.595        0.587            0.009            0.002              0.053
dti                          0.007        0.022            0.003            0.020              0.000
inst_to_inc                  0.018        0.053            0.023            0.062              0.000
revol_to_inc                 0.015        0.034            0.018            0.038              0.000
mo_sin_old_rev_tl_op         0.883        0.919            0.020            0.058              0.076
log_inc                      0.009        0.018            0.006            0.016              0.000
bc_util                      0.128        0.182            0.035            0.104              0.063
mo_sin_old_il_acct           0.119        0.120            0.006            0.019              0.105
loan_to_inc                  0.015        0.044            0.021            0.052              0.000
mths_since_recent_inq        0.020        0.012            0.001            0.004              0.151
mths_since_recent_bc         0.102        0.086            0.006            0.004              0.062
credit_hist_m                0.004        0.006            0.003            0.005              0.000
bc_open_to_buy               0.119        0.161            0.024            0.081              0.062
emp_len                      0.011        0.018            0.011            0.019              0.051
revol_util                   0.035        0.094            0.037            0.100              0.001
installment                  0.015        0.033            0.020            0.041              0.000
{"champion": "LightGBM", "recalibration_method": "platt+grade", "psi_2017": 0.009376236200838054}
