                   n  cdr_12m  cdr_life       k  ead_ratio_life
grade term_m                                                   
A     36.0    133275   0.0126    0.0545  4.4093          0.5066
      60.0       770   0.0182    0.0831  4.7291          0.6056
B     36.0    202361   0.0297    0.1123  3.9522          0.5394
      60.0      5505   0.0292    0.1511  5.5203          0.6325
C     36.0    156094   0.0576    0.1804  3.3541          0.5806
      60.0     15414   0.0421    0.2173  5.6966          0.6532
D     36.0     72843   0.0875    0.2357  2.9345          0.6212
      60.0      8299   0.0675    0.2753  4.6097          0.6985
E     36.0     20542   0.1226    0.2892  2.6090          0.6545
      60.0      8218   0.0831    0.3204  4.4514          0.7231
F     36.0      4054   0.1534    0.3318  2.4203          0.6847
      60.0      4997   0.1083    0.3630  3.9360          0.7423
G     36.0       466   0.2275    0.3991  1.9738          0.7356
      60.0      1086   0.1234    0.3794  3.6223          0.7617
        loans        funded  pd_12m  odr_12m  pd_life       ecl_12m      ecl_life  ecl_12m_pct  ecl_life_pct
grade                                                                                                       
A       78796  1.096915e+09  0.0159   0.0153   0.0677  1.241390e+07  3.301453e+07       0.0113        0.0301
B      133127  1.839662e+09  0.0350   0.0351   0.1373  4.797345e+07  1.304280e+08       0.0261        0.0709
C      145144  2.224924e+09  0.0620   0.0619   0.2279  1.053641e+08  2.932473e+08       0.0474        0.1318
D       56646  8.918868e+08  0.1027   0.1027   0.3095  7.336705e+07  1.708733e+08       0.0823        0.1916
E       20167  3.406517e+08  0.1589   0.1473   0.4382  4.511364e+07  9.857383e+07       0.1324        0.2894
F        6242  1.186084e+08  0.2255   0.1985   0.5752  2.250802e+07  4.579131e+07       0.1898        0.3861
G        3457  7.230885e+07  0.2417   0.2441   0.5714  1.476204e+07  2.845232e+07       0.2042        0.3935
{
  "n_loans": 443579,
  "funded_exposure": 6584957075.0,
  "lgd_used": 0.8953779161543416,
  "mean_pd_12m": 0.05901043165171984,
  "observed_dr_12m": 0.057982907216076504,
  "ead_12m_total": 5718959559.688355,
  "ecl_12m": 321502209.6879473,
  "ecl_12m_pct": 0.048823736590256704,
  "ecl_lifetime": 800380612.8264179,
  "ecl_lifetime_pct": 0.12154682311675022,
  "mean_pd_lifetime": 0.19977878100048296,
  "backtest": {
    "predicted_ecl_12m": 321502209.6879473,
    "realised_12m_ead_of_defaults": 364190744.54999995,
    "predicted_ead_of_defaults": 359068728.2849268,
    "realised_12m_loss_at_mean_lgd": 326088349.9378771,
    "ratio_realised_to_predicted": 1.0142647238859763,
    "z_independence": 2.0798776674564974,
    "p_independence": 0.03753675490173547
  }
}
